xmin,ymin,xmax,ymax
72.19166725522132,318.33498990277934,401.93901844963784,509.4799749928228
